10.115357
10.134643
10.276786
10.318571
10.440000
10.398571
10.245000
10.263214
10.133929
10.090000
9.951429
10.319286
10.328214
10.329286
10.502500
10.548571
10.662143
10.719286
10.796786
11.240714
11.357143
11.053214
11.090357
11.054286
10.981071
11.030000
11.001786
10.993929
10.901429
10.749286
10.863571
11.048571
11.171429
11.366786
11.326071
11.379286
11.288571
11.358214
11.308929
11.001071
10.965714
10.771071
10.732143
11.015357
10.954643
11.191429
11.026071
11.242857
11.250000
11.316786
11.112500
11.300000
11.362500
11.337143
11.433929
11.364643
11.464643
11.420000
11.448571
11.488214
11.438929
11.441429
11.473214
11.450357
11.507500
11.578571
11.612857
11.557143
11.595714
11.623929
11.617500
11.559286
11.520000
11.770357
11.831786
11.928571
11.918929
12.004286
12.230357
12.201429
12.300714
12.345714
12.445714
12.166071
12.101429
11.881429
11.668571
12.051786
12.192857
12.280357
12.257500
12.003571
12.118571
12.322500
12.297143
12.265714
12.375000
12.567143
12.685714
12.791429
12.662143
12.744643
12.827857
12.853571
12.968929
12.796429
12.520000
12.093214
12.236429
12.245714
12.434286
12.614643
12.475357
12.575714
12.841429
12.857143
12.691429
12.705714
12.588214
12.381071
12.571071
12.627143
12.336786
11.786071
11.951429
11.809643
12.117857
12.185714
12.113929
12.320357
12.555000
12.515714
12.534286
12.451071
12.446786
12.305714
12.185357
12.103214
12.072857
12.074286
11.966429
11.814286
11.871429
12.004643
11.872143
11.695000
11.851786
12.066429
12.228929
12.525000
12.607500
12.515000
12.505357
12.383929
12.504643
12.367143
12.435714
12.484643
12.383929
12.380714
12.414286
12.480357
12.401071
12.377500
12.160714
11.903571
12.005000
12.138214
12.161786
11.972143
11.942857
11.863929
12.027857
11.964286
12.050357
12.422500
12.339643
12.360714
12.265714
12.072857
11.858571
11.865714
11.838929
11.639286
11.664286
11.872857
11.669643
11.612857
11.437857
11.261429
11.617857
11.521786
11.829643
11.655357
11.858571
11.973571
11.930000
11.988214
12.259286
12.479643
12.562857
12.757143
12.846786
12.642857
12.633929
12.786429
12.777500
13.032857
13.350000
13.458929
13.817857
13.831786
14.046429
14.232143
14.407500
14.021071
13.993571
13.945714
14.169643
13.889643
14.020357
13.477500
13.343571
12.614643
13.357500
12.988929
13.346429
13.463929
13.693214
13.588571
13.587143
13.073214
12.715357
12.730000
13.342857
13.435000
13.347143
13.699286
13.927500
13.928214
13.743929
13.608214
13.358929
13.562143
13.711786
13.719286
13.481429
13.569286
13.736429
13.903571
14.034286
14.303571
14.701071
14.766071
14.719286
14.350714
14.439286
14.398929
14.259286
14.178929
13.948929
13.618571
13.378571
13.303571
13.508929
13.477500
13.207143
13.886071
14.296071
14.363929
14.586786
15.071429
14.999643
15.080000
14.236429
14.118214
14.031071
14.491786
14.206071
14.307143
14.453214
14.462500
14.456429
14.161071
14.193214
14.395357
14.294286
14.276071
14.508214
14.117143
13.757857
13.736429
13.545000
13.886786
13.741786
13.478929
13.390714
13.178929
13.446786
13.106786
12.984643
13.432857
13.328571
13.650000
13.854643
13.917857
14.036071
13.962500
13.896071
13.952143
14.057857
13.994286
13.886071
13.578214
13.533571
13.607857
13.650357
14.141071
14.158929
14.233929
14.404643
14.518929
14.380000
14.468571
14.464286
14.686786
14.765714
14.929643
15.085714
15.061786
15.115714
15.091071
15.049643
14.993214
15.167857
15.325357
15.276786
15.010714
15.264643
15.014643
15.952143
15.879643
15.974286
16.178928
16.302856
16.292500
16.254286
16.417143
16.570356
16.743929
17.024286
17.613214
17.622143
17.950001
18.195000
17.773930
17.936071
17.932858
18.387501
18.322857
18.442499
18.657499
18.777143
19.121786
19.372856
19.445356
19.470715
19.041430
18.937857
18.953215
19.356787
19.470358
19.714287
20.289286
21.056429
20.912857
20.913214
21.467857
21.641430
21.517857
21.405001
21.287500
21.677856
21.945715
22.057858
21.780714
21.412500
22.093929
22.475714
22.296785
22.631430
22.722500
22.444286
22.364286
22.241785
21.615356
20.718929
21.775000
21.726429
20.980000
20.463572
20.417856
20.010000
21.785713
21.703571
21.535713
20.856428
20.790358
20.927856
20.779285
20.187500
20.338572
20.292143
20.327856
20.375713
20.239643
19.936428
19.756071
19.502857
18.932858
18.942142
20.045713
19.891787
20.377144
20.190001
20.081785
20.438213
20.684643
20.633215
20.035357
20.153214
20.101070
20.409286
20.418571
20.725714
20.398930
20.577143
20.434286
20.411785
20.504642
20.920713
20.978930
20.919287
20.631071
20.789286
20.384644
20.429644
20.517857
20.323214
20.857143
21.161428
21.407499
21.783571
21.638571
21.924643
21.721786
21.586786
21.389286
21.606071
21.675358
21.676430
21.652143
21.940001
21.582144
21.565357
21.461430
20.534643
20.531429
20.898571
21.251072
21.812857
21.671785
21.706785
21.989286
22.233929
22.175358
22.137857
22.168928
22.203571
22.500000
22.560356
22.529642
22.726429
23.146786
23.755358
23.430714
23.888214
23.665358
23.686428
24.131430
24.100000
24.052500
23.709642
23.758572
24.106071
23.936787
24.152500
24.301430
23.669287
23.592501
23.921070
24.392143
24.688572
24.992144
25.068214
25.075001
24.953571
25.003214
24.671070
24.055000
23.756430
24.332857
23.825001
23.549643
23.618214
23.980356
23.814285
23.306786
22.791786
22.708929
22.889643
22.432142
22.489643
22.670000
23.206785
23.021786
22.594286
21.780001
22.643929
21.905714
22.029642
21.769285
21.571428
21.261429
21.305000
20.600000
20.879286
20.816071
19.928572
19.205357
19.537857
19.386786
19.389286
19.174286
18.772142
18.845715
20.204643
20.032499
20.060715
20.410713
21.054644
20.885000
20.819286
21.048571
20.902857
20.935356
20.566071
19.242500
19.544287
19.044643
18.922144
19.335358
19.250000
18.917500
18.206785
18.529642
19.067858
18.796785
18.633215
18.547501
18.577499
18.321428
18.395000
18.199642
19.006071
19.608213
19.360714
18.821428
18.710714
18.761070
18.467857
18.696787
18.582144
17.919643
17.354286
18.074642
17.952856
17.857143
18.027500
18.357500
16.089287
15.710000
16.065357
16.366785
16.315357
16.267500
16.200714
15.797143
16.351429
16.333929
16.722143
16.963572
17.140356
16.710714
16.678928
16.663929
16.434286
16.428213
16.030357
15.930714
16.100357
15.814286
16.034643
15.877500
15.764286
15.373929
15.001786
15.397857
15.202143
15.377857
15.418571
15.638214
15.301071
15.298214
15.446429
15.845000
16.275715
16.231787
16.145714
16.168928
16.496786
16.556429
16.469286
16.145714
15.809286
15.318214
15.349643
15.428214
15.275714
15.114286
15.221786
15.249286
15.560357
15.511786
15.350000
14.994643
15.222857
14.385714
14.001786
13.947500
14.238214
14.504643
14.480714
14.585000
14.900000
15.361429
15.813571
15.688929
15.911429
16.070715
16.453930
16.380714
16.565714
16.313213
16.177500
16.240713
15.852143
15.316071
15.520714
15.473571
15.818929
15.702143
15.762500
15.790714
15.898214
15.765714
15.891071
16.127857
16.061787
16.097143
16.046785
15.896786
15.659286
15.778929
15.674643
15.628571
15.435357
15.570000
15.358929
15.428571
15.420357
15.107143
14.887143
14.767857
14.376429
14.379643
14.216786
14.063571
14.161786
14.615000
14.946071
15.028571
14.907857
14.823214
15.083929
15.026071
15.260357
15.232500
15.265714
15.364286
15.368214
15.420000
15.176786
15.225357
14.963929
15.732500
15.660714
15.749643
15.992500
16.190001
16.161785
16.309999
16.519285
16.766071
16.616072
16.606428
16.464643
16.230356
16.691429
17.484644
17.803572
17.782499
17.940357
18.133572
17.895357
17.941429
17.962856
17.893572
17.963215
17.449642
17.532143
17.560715
17.400715
17.449286
17.810356
17.688213
17.793571
18.077499
17.665714
16.703930
16.881786
16.603571
16.075714
16.261429
16.595715
16.867857
16.693214
17.522858
17.467857
17.197500
17.365000
17.241072
17.026787
17.427143
17.484285
17.264643
17.251072
17.419643
17.176430
17.378214
17.487143
17.600357
17.715714
17.809999
17.896786
18.017857
18.174643
18.620001
18.566786
18.748571
18.996786
18.784286
18.924286
18.452856
18.746429
18.667856
18.572500
18.812500
18.766071
18.604286
18.303213
18.591429
18.537500
18.571787
18.593929
18.862858
18.749643
18.522499
18.555357
18.392857
18.612143
18.564285
18.705000
19.049999
19.498571
19.859644
19.686787
20.225714
20.178572
20.282143
20.000713
20.229643
20.198214
20.048571
20.019285
19.801071
19.910713
19.821072
19.670357
19.445000
19.607857
20.360357
20.273930
20.139286
20.003214
19.804285
20.036428
19.754642
19.320715
19.426071
19.287144
19.409286
19.161428
19.033571
19.133215
19.513929
19.905714
19.794643
19.309643
19.609644
19.696787
19.863571
19.502501
19.660713
18.089287
17.883928
17.849285
17.878571
17.911785
18.171070
18.306786
18.303928
18.559999
18.892500
19.141430
19.139999
19.443930
19.428213
19.499643
19.191786
18.969643
18.758928
18.841070
18.645000
18.476786
18.845358
18.794287
18.848572
18.972857
19.012857
18.955357
18.944286
18.961430
19.146070
19.164642
18.951786
18.738930
18.812143
18.978571
18.973572
18.882143
19.031071
19.256786
19.463928
19.277857
19.195000
19.173571
19.169287
19.344643
19.376785
19.242500
18.993570
18.695356
18.694286
18.940001
18.695715
18.557501
18.631430
18.498571
18.536072
18.747856
18.970358
18.989286
18.741072
20.277500
20.426430
21.217501
21.154642
21.074642
21.124287
21.163570
21.462856
21.228930
21.154642
20.999643
20.912144
21.172501
21.205713
21.209642
21.029285
21.339643
21.592501
21.596786
21.653929
21.688213
21.933214
22.343929
22.286072
22.692142
22.607143
22.451786
22.769285
23.029285
23.119642
23.056070
23.424999
23.562500
23.465000
23.072500
22.820000
23.049999
23.020000
23.045000
22.965000
22.727501
22.707500
22.570000
22.590000
22.725000
22.995001
23.232500
23.379999
23.370001
23.507500
23.992500
23.837500
23.847500
23.760000
23.805000
24.112499
23.830000
23.695000
23.272499
23.607500
23.485001
23.680000
24.297501
24.257500
24.417500
24.754999
24.594999
24.537500
23.900000
24.032499
23.897499
23.780001
23.740000
23.620001
23.684999
23.997499
23.992500
24.309999
24.375000
24.495001
24.790001
25.132500
25.142500
25.145000
25.330000
25.385000
25.222500
25.532499
25.562500
25.625000
25.825001
24.735001
24.530001
24.742500
24.590000
24.497499
25.250000
25.357500
25.415001
25.407499
25.215000
25.395000
25.447500
25.240000
25.264999
25.660000
25.437500
24.467501
25.187500
25.027500
25.187500
24.795000
24.975000
24.905001
24.905001
24.687500
25.200001
25.254999
25.182501
24.952499
24.687500
24.385000
24.065001
24.417500
24.940001
25.617500
25.747499
26.207500
26.305000
26.277500
26.684999
26.834999
26.745001
27.000000
27.350000
27.150000
27.215000
27.174999
27.252501
27.207500
27.424999
27.812500
28.205000
28.545000
28.497499
28.867500
28.667500
29.077499
29.117500
29.657499
29.400000
29.750000
29.732500
28.767500
28.657499
28.982500
28.872499
28.750000
28.100000
28.530001
27.987499
27.905001
27.432501
27.057501
26.687500
27.352501
28.162500
27.945000
28.235001
28.135000
28.002501
28.497499
28.477501
28.129999
27.594999
27.332500
26.562500
26.565001
26.937500
27.972500
28.002501
27.312500
27.555000
27.450001
26.705000
26.497499
27.180000
27.387501
28.100000
28.245001
28.275000
27.285000
28.827499
29.725000
29.290001
29.657499
29.662500
29.889999
29.985001
29.732500
29.930000
30.504999
31.219999
31.615000
31.770000
31.957500
32.180000
32.112499
32.375000
33.250000
33.042500
32.197498
32.605000
32.115002
32.272499
32.340000
32.134998
31.602501
31.650000
31.785000
31.127501
30.559999
31.112499
30.897499
31.237499
31.760000
32.117500
31.875000
31.475000
31.802500
31.672501
30.844999
31.059999
30.812500
31.592501
31.107500
31.062500
31.330000
31.837500
31.502501
31.400000
31.639999
31.775000
31.712500
31.575001
31.695000
31.542500
31.187500
31.900000
31.727501
32.154999
32.417500
32.570000
33.162498
32.639999
32.160000
31.287500
32.237499
32.174999
31.450001
31.252501
31.315001
31.905001
31.580000
31.467501
31.502501
32.237499
32.192501
32.547501
32.517502
32.514999
32.847500
33.134998
32.404999
33.009998
32.945000
32.570000
32.634998
32.490002
32.529999
32.340000
32.162498
31.950001
31.855000
32.220001
32.147499
31.792500
31.730000
31.900000
31.825001
31.969999
31.650000
31.902500
31.757500
32.027500
31.875000
31.687500
31.132500
31.357500
31.650000
31.610001
31.500000
31.422501
30.642500
30.017500
30.820000
31.415001
31.402500
31.705000
32.127499
32.404999
33.017502
32.687500
31.305000
31.290001
31.125000
30.692499
30.844999
30.747499
30.592501
30.325001
29.610001
28.660000
28.850000
28.782499
28.879999
29.930000
28.372499
28.809999
28.787500
28.990000
29.290001
29.125000
28.752501
28.162500
26.440001
25.780001
25.934999
27.422501
28.230000
28.322500
28.190001
26.930000
28.084999
27.592501
27.317499
28.077499
27.537500
28.142500
28.552500
28.827499
29.070000
29.102501
28.480000
28.362499
28.802500
28.350000
28.580000
28.750000
28.677500
28.110001
27.264999
27.575001
27.395000
27.594999
27.695000
27.827499
27.695000
27.375000
28.030001
27.900000
27.947500
27.552500
27.965000
27.760000
27.932501
28.442499
28.440001
28.875000
29.770000
28.820000
28.637501
29.817499
30.132500
29.875000
30.295000
30.642500
30.500000
30.230000
30.264999
30.142500
29.192499
29.027500
28.930000
28.084999
28.545000
28.422501
29.322500
29.695000
29.825001
29.437500
29.719999
29.507500
29.452499
29.575001
29.334999
29.070000
28.799999
29.757500
29.570000
29.557501
28.905001
29.042500
28.295000
28.120001
27.622499
27.834999
27.245001
26.507500
26.832500
26.807501
27.152500
27.007500
26.705000
27.184999
26.830000
26.315001
26.337500
25.677500
25.174999
24.112499
24.240000
24.632500
24.990000
24.347500
24.879999
24.282499
24.165001
24.197500
24.075001
25.355000
24.860001
24.997499
23.355000
23.522499
24.334999
24.107500
23.620001
24.087500
24.150000
23.504999
23.752501
23.747499
23.567499
23.424999
23.497499
24.160000
24.530001
24.065001
24.010000
24.219999
23.672501
24.025000
24.190001
24.227501
24.172501
25.132500
25.187500
25.375000
25.752501
25.467501
25.257500
25.280001
25.292500
25.565001
25.629999
26.145000
26.492500
26.450001
26.480000
26.477501
26.680000
26.532499
26.417500
26.297501
26.920000
27.389999
27.247499
27.497499
27.780001
27.452499
27.740000
27.135000
27.165001
27.254999
27.610001
28.010000
28.025000
27.462500
26.870001
26.727501
26.782499
26.492500
26.420000
26.270000
26.087500
24.455000
23.707500
23.434999
23.410000
23.795000
23.547501
23.309999
23.180000
23.197500
23.355000
23.127501
22.584999
22.629999
23.469999
23.372499
23.639999
23.549999
23.805000
24.107500
24.475000
24.905001
25.102501
25.087500
24.965000
24.615000
24.430000
24.480000
24.657499
24.757500
24.735001
24.912500
24.707500
24.334999
24.365000
24.285000
24.387501
23.832500
23.775000
23.977501
23.887501
24.025000
23.350000
23.010000
23.397499
23.600000
23.900000
23.972500
23.747499
23.882500
23.985001
24.170000
24.245001
24.355000
24.217501
24.697500
24.695000
24.957500
24.967501
24.990000
24.857500
24.665001
24.334999
24.167500
25.737499
26.084999
26.052500
26.512501
26.120001
26.447500
26.467501
26.870001
27.092501
27.202499
27.000000
26.982500
27.045000
27.370001
27.344999
27.305000
27.270000
27.340000
27.127501
27.212500
27.007500
26.892500
26.735001
26.705000
26.500000
26.525000
26.682501
26.932501
26.924999
27.090000
26.379999
25.782499
26.360001
26.987499
27.942499
28.892500
28.730000
28.395000
28.392500
28.387501
28.655001
28.177500
28.219999
28.272499
28.487499
28.045000
28.262501
28.129999
28.250000
28.262501
28.472500
28.514999
29.012501
29.075001
29.334999
29.245001
29.407499
29.387501
29.367500
29.280001
29.264999
29.150000
29.412500
29.562500
28.897499
28.620001
28.430000
28.385000
27.872499
27.897499
27.457500
27.209999
27.602501
27.764999
27.719999
26.947500
27.107500
26.427500
26.777500
27.497499
27.487499
27.514999
27.932501
27.950001
27.807501
27.947500
27.892500
27.865000
27.629999
27.372499
27.475000
27.277500
27.487499
27.757500
28.030001
28.487499
28.325001
28.797501
28.797501
28.955000
28.992500
29.160000
29.237499
29.264999
29.072500
29.129999
29.315001
29.190001
29.182501
28.955000
29.037500
29.004999
29.152500
29.477501
29.747499
29.777500
29.937500
29.812500
29.760000
30.000000
29.997499
29.945000
30.000000
30.020000
29.992500
30.469999
30.485001
30.487499
30.407499
30.337500
32.187500
32.132500
32.270000
32.572498
32.882500
33.009998
33.105000
33.029999
33.322498
33.755001
33.877499
33.837502
33.930000
34.174999
34.277500
34.132500
34.165001
34.232498
34.247501
34.947498
34.740002
34.945000
34.834999
34.880001
34.750000
34.669998
34.785000
34.799999
34.747501
35.115002
35.172501
34.997501
35.365002
34.959999
35.355000
35.230000
35.160000
35.220001
35.950001
36.029999
35.982498
35.915001
35.924999
36.192501
36.005001
35.915001
35.834999
35.792500
35.407501
35.450001
35.262501
35.457500
35.299999
35.169998
35.610001
35.567501
35.910000
36.132500
35.919998
35.947498
35.912498
36.645000
36.877499
36.764999
36.632500
37.240002
38.252499
38.497501
38.314999
38.487499
39.025002
38.924999
38.867500
37.562500
38.134998
38.264999
38.497501
38.450001
38.334999
38.467499
38.402500
38.417500
38.189999
38.294998
38.862499
38.482498
38.612499
38.842499
38.747501
37.244999
36.355000
36.647499
36.290001
36.072498
35.567501
36.584999
36.252499
36.467499
36.407501
36.570000
36.455002
35.932499
36.457500
35.919998
36.005001
35.875000
36.022499
35.682499
36.044998
36.264999
36.382500
36.435001
36.942501
37.259998
37.389999
37.520000
37.755001
37.584999
37.567501
38.022499
38.185001
38.365002
37.639999
37.375000
37.182499
37.512501
39.285000
38.892502
39.097500
39.702499
40.020000
40.264999
38.830002
39.369999
39.962502
40.400002
40.237499
39.465000
39.375000
39.302502
39.945000
39.994999
39.817501
39.965000
40.367500
40.727501
40.837502
41.000000
41.012501
40.520000
40.477501
40.314999
39.657501
40.375000
40.215000
39.912498
39.570000
39.970001
39.667500
39.682499
39.017502
38.347500
37.972500
37.637501
38.285000
38.557499
38.320000
38.529999
38.452499
38.619999
38.369999
38.847500
38.825001
38.959999
38.974998
39.137501
39.000000
39.247501
39.970001
40.117500
39.939999
38.994999
39.062500
39.042500
39.275002
39.102501
39.352501
40.762501
41.680000
42.259998
41.722500
42.027500
43.125000
43.562500
43.702499
44.060001
43.970001
43.667500
43.492500
42.834999
42.270000
42.775002
42.537498
42.494999
43.285000
43.740002
43.742500
43.522499
43.267502
42.369999
42.962502
42.762501
42.450001
42.410000
42.252499
42.330002
42.342499
43.167500
42.924999
43.067501
43.055000
43.492500
44.105000
43.634998
43.587502
43.752499
43.752499
42.642502
42.650002
42.770000
42.307499
43.064999
43.057499
43.257500
43.750000
43.587502
43.582500
43.572498
43.820000
44.272499
44.047501
44.775002
44.814999
44.615002
44.250000
44.259998
43.555000
42.777500
42.877499
41.990002
41.742500
41.857498
41.945000
40.125000
39.122501
40.757500
39.884998
38.787498
39.102501
40.677502
41.084999
41.842499
43.247501
43.107498
42.962502
42.767502
43.125000
43.875000
44.742500
44.597500
44.529999
43.750000
44.052502
44.205002
44.167500
43.757500
44.235001
44.994999
45.430000
44.992500
44.610001
44.662498
44.505001
43.825001
43.810001
42.817501
42.212502
41.235001
43.192501
42.084999
41.619999
41.945000
41.669998
42.097500
42.902500
43.200001
42.095001
42.512501
43.312500
43.110001
43.535000
43.682499
43.955002
44.560001
44.459999
43.200001
41.430000
41.310001
40.735001
40.912498
41.055000
40.580002
41.314999
42.275002
44.142502
44.222500
45.957500
46.290001
46.512501
46.840000
47.509998
47.147499
47.037498
46.610001
47.044998
46.747501
46.577499
46.907501
46.790001
47.090000
47.037498
47.145000
46.974998
46.875000
46.717499
47.560001
47.957500
48.327499
48.494999
48.365002
47.924999
47.807499
48.070000
47.674999
47.700001
47.209999
47.185001
46.422501
46.625000
46.365002
46.230000
45.542500
46.107498
46.040001
46.375000
46.277500
46.794998
45.980000
46.349998
46.992500
47.645000
47.587502
46.970001
47.757500
47.832500
47.727501
47.862499
47.599998
47.970001
47.860001
47.902500
48.250000
48.705002
48.552502
47.744999
47.477501
47.572498
50.375000
51.847500
51.997501
52.267502
51.777500
51.812500
52.220001
51.882500
52.217499
52.437500
52.560001
53.330002
54.395000
53.865002
53.759998
53.762501
53.872501
54.040001
54.485001
54.924999
55.744999
56.257500
56.907501
57.090000
56.717499
55.775002
55.325001
54.582500
55.962502
55.267502
56.602501
55.959999
54.470001
54.560001
54.592499
55.007500
54.415001
55.197498
55.547501
55.105000
56.237499
56.435001
56.814999
57.320000
58.017502
56.997501
56.072498
55.942501
56.717499
54.090000
53.612499
55.527500
54.340000
55.537498
55.297501
54.005001
54.827499
55.162498
55.682499
53.772499
54.950001
54.075001
53.060001
53.325001
54.715000
55.555000
51.869999
50.397499
50.942501
52.487499
52.122501
51.117500
48.542500
48.057499
46.700001
47.852501
48.382500
46.465000
44.244999
44.195000
43.072498
43.654999
43.560001
45.235001
44.887501
44.645000
46.205002
44.172501
43.680000
42.122501
42.400002
42.157501
42.275002
42.737499
41.369999
40.985001
41.517502
40.222500
39.207500
37.682499
36.707500
39.292500
39.037498
39.057499
39.435001
39.480000
35.547501
37.064999
36.982498
37.687500
38.327499
38.450001
38.072498
37.500000
38.267502
38.735001
38.965000
39.205002
38.325001
38.480000
38.174999
39.439999
39.075001
38.669998
41.312500
41.610001
41.630001
42.812500
43.544998
43.560001
42.735001
42.602501
42.357498
42.722500
42.544998
42.700001
42.605000
42.732498
43.007500
42.764999
43.242500
43.557499
43.582500
43.717499
43.287498
43.742500
43.962502
43.882500
43.630001
43.125000
43.227501
44.724998
45.227501
45.427502
45.932499
46.529999
47.005001
46.632500
47.040001
48.772499
47.762501
47.185001
46.697498
47.117500
47.180000
47.487499
47.810001
48.505001
48.837502
48.922501
49.250000
50.025002
49.875000
50.154999
49.737499
49.717499
49.807499
49.812500
50.782501
50.965000
51.132500
51.869999
51.790001
51.320000
51.075001
51.152500
50.167500
52.630001
52.287498
52.937500
52.119999
50.715000
50.724998
50.180000
49.294998
46.430000
47.165001
47.730000
47.520000
47.250000
45.772499
46.650002
45.695000
44.915001
44.742500
44.557499
44.345001
44.575001
43.767502
43.325001
44.910000
45.634998
46.305000
47.537498
48.145000
48.702499
48.547501
48.537498
48.185001
48.472500
49.612499
49.467499
49.865002
49.695000
49.645000
48.892502
49.950001
49.935001
49.480000
50.387501
50.682499
51.102501
51.057499
50.005001
50.310001
50.807499
50.437500
50.825001
51.302502
51.125000
50.837502
51.415001
50.647499
51.805000
52.209999
52.167500
51.755001
51.935001
52.419998
52.195000
53.259998
52.107498
51.005001
48.334999
49.250000
49.759998
50.857498
50.247501
50.119999
52.242500
50.687500
50.435001
51.625000
52.587502
52.590000
53.160000
53.115002
50.660000
51.622501
51.040001
51.382500
52.252499
52.185001
51.424999
52.297501
53.320000
53.314999
53.542500
54.174999
55.897499
55.772499
54.687500
54.974998
55.174999
55.692501
55.240002
54.432499
54.680000
54.419998
55.257500
54.972500
54.705002
55.992500
56.147499
54.740002
55.205002
56.752499
56.764999
56.099998
56.757500
57.522499
59.052502
58.967499
58.830002
58.592499
58.820000
59.102501
60.127499
59.990002
60.794998
60.895000
61.645000
62.262501
60.822498
60.814999
62.189999
63.955002
64.375000
64.282501
64.309998
64.857498
65.035004
65.550003
65.489998
66.117500
65.660004
66.440002
66.775002
66.572502
65.797501
65.502502
65.445000
66.592499
66.072502
66.959999
66.812500
66.040001
64.862503
65.434998
66.394997
67.677498
66.730003
67.120003
67.692497
67.864998
68.787498
69.964996
70.102501
69.934998
70.004997
69.860001
71.000000
71.067497
72.477501
72.449997
72.879997
73.412498
75.087502
74.357498
74.949997
74.597504
75.797501
77.407501
77.582497
79.239998
78.169998
77.834999
78.809998
79.682503
79.142502
79.425003
79.807503
79.577499
77.237503
79.422501
81.084999
80.967499
77.377502
77.165001
79.712502
80.362503
81.302498
80.007500
80.387497
79.902496
81.800003
81.217499
81.237503
79.750000
80.904999
80.074997
78.262497
74.544998
72.019997
73.162498
68.379997
68.339996
74.702499
72.330002
75.684998
73.230003
72.257500
66.542503
71.334999
68.857498
62.057499
69.492500
60.552502
63.215000
61.667500
61.195000
57.310001
56.092499
61.720001
61.380001
64.610001
61.935001
63.702499
63.572498
60.227501
61.232498
60.352501
65.617500
64.857498
66.517502
66.997498
68.312500
71.762497
71.107498
71.672501
70.699997
69.232498
67.092499
69.025002
68.757500
70.742500
70.792503
69.644997
71.932503
73.449997
72.267502
73.290001
74.389999
75.157501
75.934998
77.532501
78.752502
77.852501
76.912498
77.385002
76.927498
78.739998
78.285004
79.807503
79.212502
79.722504
79.182503
79.527496
79.562500
79.485001
80.462502
80.834999
81.279999
80.580002
82.875000
83.364998
85.997498
88.209999
83.974998
84.699997
85.747498
88.019997
87.897499
87.932503
87.430000
89.717499
91.632500
90.014999
91.209999
88.407501
90.445000
91.199997
91.027496
91.027496
93.462502
93.172501
95.342499
95.752502
95.919998
95.477501
97.057503
97.724998
96.522499
96.327499
98.357498
97.000000
97.272499
92.845001
92.614998
94.809998
93.252502
95.040001
96.190002
106.260002
108.937500
109.665001
110.062500
113.902496
111.112503
112.727501
109.375000
113.010002
115.010002
114.907501
114.607498
115.562500
115.707497
118.275002
124.370003
125.857498
124.824997
126.522499
125.010002
124.807503
129.039993
134.179993
131.399994
120.879997
120.959999
112.820000
117.320000
113.489998
112.000000
115.360001
115.540001
112.129997
110.339996
106.839996
110.080002
111.809998
107.120003
108.220001
112.279999
114.959999
114.089996
115.809998
116.790001
113.019997
116.500000
113.160004
115.080002
114.970001
116.970001
124.400002
121.099998
121.190002
120.709999
119.019997
115.980003
117.510002
116.870003
115.750000
115.040001
115.050003
116.599998
111.199997
115.320000
108.860001
108.769997
110.440002
114.949997
119.029999
118.690002
116.320000
115.970001
119.489998
119.209999
119.260002
120.300003
119.389999
118.029999
118.639999
117.339996
113.849998
115.169998
116.029999
116.589996
119.050003
122.720001
123.080002
122.940002
122.250000
123.750000
124.379997
121.779999
123.239998
122.410004
121.779999
127.879997
127.809998
128.699997
126.660004
128.229996
131.880005
130.960007
131.970001
136.690002
134.869995
133.720001
132.690002
129.410004
131.009995
126.599998
130.919998
132.050003
128.979996
128.800003
130.889999
128.910004
127.139999
127.830002
132.029999
136.869995
139.070007
142.919998
143.160004
142.059998
137.089996
131.960007
134.139999
134.990005
133.940002
137.389999
136.759995
136.910004
136.009995
135.389999
135.130005
135.369995
133.190002
130.839996
129.710007
129.869995
126.000000
125.860001
125.349998
120.989998
121.260002
127.790001
125.120003
122.059998
120.129997
121.419998
116.360001
121.089996
119.980003
121.959999
121.029999
123.989998
125.570000
124.760002
120.529999
119.989998
123.389999
122.540001
120.089996
120.589996
121.209999
121.389999
119.900002
122.150002
123.000000
125.900002
126.209999
127.900002
130.360001
133.000000
131.240005
134.429993
132.029999
134.500000
134.160004
134.839996
133.110001
133.500000
131.940002
134.320007
134.720001
134.389999
133.580002
133.479996
131.460007
132.539993
127.849998
128.100006
129.740005
130.210007
126.849998
125.910004
122.769997
124.970001
127.449997
126.269997
124.849998
124.690002
127.309998
125.430000
127.099998
126.900002
126.849998
125.279999
124.610001
124.279999
125.059998
123.540001
125.889999
125.900002
126.739998
127.129997
126.110001
127.349998
130.479996
129.639999
130.149994
131.789993
130.460007
132.300003
133.979996
133.699997
133.410004
133.110001
134.779999
136.330002
136.960007
137.270004
139.960007
142.020004
144.570007
143.240005
145.110001
144.500000
145.639999
149.149994
148.479996
146.389999
142.449997
146.149994
145.399994
146.800003
148.559998
148.990005
146.770004
144.979996
145.639999
145.860001
145.520004
147.360001
146.949997
147.059998
146.139999
146.089996
145.600006
145.860001
148.889999
149.100006
151.119995
150.190002
146.360001
146.699997
148.190002
149.710007
149.619995
148.360001
147.539993
148.600006
153.119995
151.830002
152.509995
153.649994
154.300003
156.690002
155.110001
154.070007
148.970001
149.550003
148.119995
149.029999
148.789993
146.059998
142.940002
143.429993
145.850006
146.830002
146.919998
145.369995
141.910004
142.830002
141.500000
142.649994
139.139999
141.110001
142.000000
143.289993
142.899994
142.809998
141.509995
140.910004
143.759995
144.839996
146.550003
148.759995
149.259995
149.479996
148.690002
148.639999
149.320007
148.850006
152.570007
149.800003
148.960007
150.020004
151.490005
150.960007
151.279999
150.440002
150.809998
147.919998
147.869995
149.990005
150.000000
151.000000
153.490005
157.869995
160.550003
161.020004
161.410004
161.940002
156.809998
160.240005
165.300003
164.770004
163.759995
161.839996
165.320007
171.179993
175.080002
174.559998
179.449997
175.740005
174.330002
179.300003
172.259995
171.139999
169.750000
172.990005
175.639999
176.279999
180.330002
179.289993
179.380005
178.199997
177.570007
182.009995
179.699997
174.919998
172.000000
172.169998
172.190002
175.080002
175.529999
172.190002
173.070007
169.800003
166.229996
164.509995
162.410004
161.619995
159.779999
159.690002
159.220001
170.330002
174.779999
174.610001
175.839996
172.899994
172.389999
171.660004
174.830002
176.279999
172.119995
168.639999
168.880005
172.789993
172.550003
168.880005
167.300003
164.320007
160.070007
162.740005
164.850006
165.119995
163.199997
166.559998
166.229996
163.169998
159.300003
157.440002
162.949997
158.520004
154.729996
150.619995
155.089996
159.589996
160.619995
163.979996
165.380005
168.820007
170.210007
174.070007
174.720001
175.600006
178.960007
177.770004
174.610001
174.309998
178.440002
175.059998
171.830002
172.139999
170.089996
165.750000
167.660004
170.399994
165.289993
165.070007
167.399994
167.229996
166.419998
161.789993
162.880005
156.800003
156.570007
163.639999
157.649994
157.960007
159.479996
166.020004
156.770004
157.279999
152.059998
154.509995
146.500000
142.559998
147.110001
145.539993
149.240005
140.820007
137.350006
137.589996
143.110001
140.360001
140.520004
143.779999
149.639999
148.839996
148.710007
151.210007
145.380005
146.139999
148.710007
147.960007
142.639999
137.130005
131.880005
132.759995
135.429993
130.059998
131.559998
135.869995
135.350006
138.270004
141.660004
141.660004
137.440002
139.229996
136.720001
138.929993
141.559998
142.919998
146.350006
147.039993
144.869995
145.860001
145.490005
148.470001
150.169998
147.070007
151.000000
153.039993
155.350006
154.089996
152.949997
151.600006
156.789993
157.350006
162.509995
161.509995
160.009995
166.130005
165.809998
165.350006
164.869995
164.919998
169.240005
168.490005
172.100006
173.190002
173.029999
174.550003
174.149994
171.520004
167.570007
167.229996
167.529999
170.029999
163.619995
161.380005
158.910004
157.220001
157.960007
155.809998
154.529999
155.960007
154.460007
157.369995
163.429993
153.839996
155.309998
152.369995
150.699997
154.479996
156.899994
153.720001
152.740005
150.429993
150.770004
151.759995
149.839996
142.479996
138.199997
142.449997
146.100006
146.399994
145.429993
140.089996
140.419998
138.979996
138.339996
142.990005
138.380005
142.410004
143.750000
143.860001
143.389999
147.270004
149.449997
152.339996
149.350006
144.800003
155.740005
153.339996
150.649994
145.029999
138.880005
138.380005
138.919998
139.500000
134.869995
146.869995
149.699997
148.279999
150.039993
148.789993
150.720001
151.289993
148.009995
150.179993
151.070007
148.110001
144.220001
141.169998
148.029999
148.309998
147.809998
146.630005
142.910004
140.940002
142.649994
142.160004
144.490005
145.470001
143.210007
136.500000
134.509995
132.369995
132.300003
135.449997
132.229996
131.860001